1 5 4 1 5 58 4 4 7 8 85 5 44    88 5 54 4 4 5 5  8 8 7 4 5 5 5 23 4 45 5 5 5 5 6 6 6 5 4 4876  4 4  7  94 4 5  4  4 4 
7 88 55 9 55  55 5 21 23 6 666 54 4  111 1  25 5 55 5 5 555  5 63666 5 4 44 44 88 8 8 8  156633211 44 44 55 5 5 555 5
78 87897 987 84 86 4 7 4 51 3 13 2164 87 98  798 8 4 65 566848 87 756 5 5 6 8 9  98 8  684 56 56  8 98 86 4 4  4 5 86
0 121323 56 4654 6546  6 64 6 468  54 68 5 3 132 1 3223 3 21 32  53 68 4 35 6586 5 32 56 57 8 9    3223 1 32 156 45 3
15568787 564 64 4 65  8979  56  3515 65 4 7 9 6 456 2 0  46987  97  4 5 032 48 697 97  56 2 1534 89  51 2  4 7 4 1 55
3735 74 4 23 7 8 35 4 24 2 4  6 89 36 4 4 2 1 46 78 8 98498158498 858948 4 49 84 8 8 3348 7756565   54 4 4 56 87 7 45
   6 6 789515 16 84 8964 685 479  5641 8 7 41  97   7 4  97321 65 4  56 4 6 687 9 7 9 7   84 654 98  51 5 5 165 4 651  
   1 64  8  98  3658487 4 97 9 78 79   84 87  8 476584 6987 98 486   7 214 64 8 46 48 7 4  99  8 985    98   7 9 54 0
   5 64 2156 5687 64 365 18  4  97  97  84 6 4 97  4  4   9   7  4  4    511  84   4 4 4 51  4 4  7 4   9 4  47 4 66 
   6 5 8 6 4 6 5 4 4135 4   46  4 44    9   66516  78 7651 1 113 65      64 65 4 56 4 6 5 6 5 45 489 7 87  4635 56   
    161 456 5468 44 4 4  4   456 531 31
     1 
     6
    5 8 
    64 
    6 
    6 
    5 
    65 
